0 Tryzub-1
1 25544U 98067A   20344.91667824  .00001264  00000-0  29621-4 0  9992
2 25544  51.6441  10.1280 0002396 304.3998 127.7165 15.49389485255280
0 Tryzub-2
1 25544U 98067A   20345.41667824  .00001264  00000-0  29621-4 0  9992
2 25544  51.6441  40.1280 0002396 284.3998 107.7165 15.49389485255280
0 Tryzub-3
1 25544U 98067A   20345.91667824  .00001264  00000-0  29621-4 0  9992
2 25544  51.6441  90.1280 0002396 264.3998  87.7165 15.49389485255280
0 Tryzub-4
1 25544U 98067A   20346.41667824  .00001264  00000-0  29621-4 0  9992
2 25544  51.6441 130.1280 0002396 244.3998  67.7165 15.49389485255280
0 Tryzub-5
1 25544U 98067A   20346.91667824  .00001264  00000-0  29621-4 0  9992
2 25544  51.6441 170.1280 0002396 224.3998  47.7165 15.49389485255280
0 Tryzub-6
1 25544U 98067A   20347.41667824  .00001264  00000-0  29621-4 0  9992
2 25544  51.6441 210.1280 0002396 204.3998  27.7165 15.49389485255280
